0 4.26346 0.435427
100 1.34564 0.08184
200 0.801824 0.0419467
300 0.492761 0.0220933
400 0.325717 0.0131067
500 0.200749 0.00713333
600 0.143547 0.00564
700 0.0998074 0.00442667
800 0.0797971 0.00384
900 0.068482 0.00341333
1000 0.0636595 0.00333333
1100 0.0604919 0.00326667
1200 0.0621514 0.00344
1300 0.0616139 0.00344
1400 0.0482843 0.00273333
1500 0.0550679 0.00309333
1600 0.0507189 0.0028
1700 0.0492229 0.00273333
1800 0.0668435 0.00378667
1900 0.0596307 0.00336
2000 0.0657692 0.00368
2100 0.051146 0.00286667
2200 0.0673853 0.00382667
2300 0.0477966 0.00266667
2400 0.0610664 0.00342667
2500 0.0542656 0.00306667
2600 0.0696058 0.00393333
2700 0.051294 0.00288
2800 0.0621126 0.00346667
2900 0.0519514 0.00290667
3000 0.0521184 0.00293333
3100 0.0573775 0.00322667
3200 0.0569198 0.0032
3300 0.0600418 0.00337333
3400 0.0601013 0.00337333
3500 0.0522601 0.00293333
3600 0.0530723 0.00297333
3700 0.0516178 0.00290667
3800 0.0609945 0.00346667
3900 0.0614686 0.00345333
4000 0.0665615 0.00373333
4100 0.0612535 0.00344
4200 0.0517349 0.00290667
4300 0.0624091 0.00352
4400 0.0715488 0.00402667
4500 0.0577109 0.00325333
4600 0.0621498 0.00349333
4700 0.0606469 0.0034
4800 0.0536035 0.00301333
4900 0.0561799 0.00316
snr:
8.0
snr:
9.0
snr:
10.0
snr:
11.0
snr:
12.0
snr:
13.0
snrdb_list
[  8.   9.  10.  11.  12.  13.]
bers
[[  1.68090000e-02   7.78000000e-03   3.23466668e-03   1.14466667e-03
    3.40333335e-04   9.23333335e-05]]
times
[[  4.08262253e-05   3.81386995e-05   3.81590891e-05   3.92105913e-05
    3.76845741e-05   3.88143575e-05]]
total coat time:  3745.6887350082397