0 0.171398 40.5954 0.01272 0.432213
100 0.168849 11.0609 0.0115067 0.0786667
200 0.170934 3.68892 0.01244 0.0193867
300 0.169408 2.28607 0.0114133 0.0116
400 0.168387 1.38644 0.0122267 0.00713333
500 0.173639 0.945842 0.01332 0.00590667
600 0.174572 0.612655 0.0133067 0.00436
700 0.172521 0.453773 0.0119333 0.00357333
800 0.170521 0.341402 0.0123467 0.0034
900 0.169328 0.298158 0.01204 0.00341333
1000 0.168185 0.256911 0.0116933 0.00336
1100 0.172732 0.219386 0.01276 0.00342667
1200 0.172231 0.234554 0.01248 0.00370667
1300 0.171237 0.237228 0.0124933 0.00389333
1400 0.171611 0.235866 0.0122933 0.00384
1500 0.16954 0.209885 0.0125067 0.00344
1600 0.170931 0.214317 0.01196 0.00388
1700 0.175693 0.21984 0.0128133 0.00369333
1800 0.170529 0.204055 0.0118533 0.00337333
1900 0.170299 0.22016 0.0115467 0.00364
2000 0.173889 0.237262 0.0131333 0.00448
2100 0.170516 0.233254 0.0118533 0.00409333
2200 0.170539 0.214062 0.01184 0.00361333
2300 0.171749 0.247502 0.0126267 0.00429333
2400 0.17239 0.239925 0.0122 0.00426667
2500 0.172033 0.292807 0.0126267 0.00488
2600 0.170506 0.276293 0.0125733 0.00458667
2700 0.170216 0.302641 0.0124 0.00506667
2800 0.172718 0.279307 0.0119067 0.00453333
2900 0.174571 0.267317 0.0135467 0.00501333
3000 0.171801 0.232142 0.01224 0.00434667
3100 0.175416 0.254582 0.0133333 0.00456
3200 0.171932 0.267164 0.0118133 0.00432
3300 0.16998 0.28689 0.01188 0.00448
3400 0.171722 0.231691 0.01172 0.00390667
3500 0.171434 0.262725 0.0125867 0.00474667
3600 0.172398 0.252248 0.01272 0.00449333
3700 0.17481 0.239101 0.0130533 0.00405333
3800 0.173473 0.271907 0.0121867 0.00482667
3900 0.175073 0.250494 0.0129333 0.00437333
4000 0.171519 0.235992 0.0125467 0.00398667
4100 0.173331 0.269278 0.0122133 0.00450667
4200 0.171328 0.23384 0.01204 0.00414667
4300 0.171167 0.320615 0.0122667 0.00510667
4400 0.171183 0.275837 0.0125733 0.00450667
4500 0.173361 0.285576 0.0127733 0.00501333
4600 0.16883 0.26987 0.0122 0.00437333
4700 0.173682 0.281356 0.01296 0.0048
4800 0.169189 0.240839 0.01184 0.00408
4900 0.171073 0.247671 0.01256 0.00446667
snrdb_list
[  8.   9.  10.  11.  12.  13.]
bers
[[ 0.02044433  0.00997117  0.00411983  0.00150083  0.00047467  0.00014283]]
times
[[ 0.00011799  0.00011596  0.00011614  0.00011661  0.00011583  0.00011651]]
total coat time:  9752.223593235016