0 4.24692 0.4271
100 1.62461 0.101247
200 0.978248 0.05626
300 0.638528 0.0298533
400 0.39561 0.0152667
500 0.233002 0.00832667
600 0.145309 0.00511333
700 0.106955 0.00442667
800 0.08527 0.00394667
900 0.0817243 0.00422667
1000 0.0740936 0.00411333
1100 0.0776692 0.00425333
1200 0.0664461 0.00367333
1300 0.0737874 0.00414
1400 0.0775572 0.00440667
1500 0.078843 0.00446667
1600 0.0774911 0.00434667
1700 0.0718648 0.00407333
1800 0.078593 0.00444667
1900 0.0809673 0.00458
2000 0.0835741 0.00472
2100 0.0729367 0.00413333
2200 0.0881966 0.005
2300 0.0870933 0.00491333
2400 0.0778692 0.00439333
2500 0.0788581 0.00444667
2600 0.0769406 0.00435333
2700 0.0817745 0.00463333
2800 0.0770846 0.00434667
2900 0.0824355 0.00465333
3000 0.0739311 0.00418
3100 0.082619 0.00466
3200 0.0758404 0.00427333
3300 0.0869279 0.00490667
3400 0.0957183 0.00540667
3500 0.0849828 0.00482
3600 0.0786793 0.00446
3700 0.0854668 0.00484
3800 0.0876029 0.00495333
3900 0.0879432 0.00496667
4000 0.0910162 0.00515333
4100 0.0946666 0.00536
4200 0.0829915 0.00469333
4300 0.0827363 0.00467333
4400 0.0748488 0.00424667
4500 0.0757049 0.00428
4600 0.0879005 0.00496667
4700 0.0870809 0.00493333
4800 0.0874177 0.00496
4900 0.0964714 0.00546667
snr:
8.0
snr:
9.0
snr:
10.0
snr:
11.0
snr:
12.0
snr:
13.0
snrdb_list
[  8.   9.  10.  11.  12.  13.]
bers
[[  2.57235000e-02   1.22196667e-02   4.77433334e-03   1.57350000e-03
    4.08500004e-04   7.86666668e-05]]
times
[[  4.47659528e-05   4.24339092e-05   4.18676984e-05   4.07375598e-05
    4.27494705e-05   4.04867554e-05]]