0 0.351894 19.8886 0.0443933 0.462793
100 0.347125 5.38946 0.0431867 0.0866733
200 0.351024 2.02073 0.0436667 0.02266
300 0.354872 1.02021 0.04396 0.00968
400 0.354874 0.572332 0.0440067 0.0062
500 0.353694 0.365715 0.0446467 0.0047
600 0.353947 0.291754 0.04382 0.00538667
700 0.351685 0.22543 0.0446067 0.00468667
800 0.361014 0.208263 0.0463733 0.00484
900 0.355436 0.199211 0.0438733 0.00492667
1000 0.359297 0.214355 0.0450733 0.0055
1100 0.358205 0.203064 0.04492 0.00552667
1200 0.362627 0.198208 0.04508 0.00592667
1300 0.362043 0.201078 0.0460267 0.00586667
1400 0.365798 0.198276 0.0467133 0.00602667
1500 0.344215 0.200082 0.0430667 0.00534667
1600 0.354463 0.234472 0.0443533 0.00628667
1700 0.354555 0.209965 0.0439333 0.00589333
1800 0.352164 0.257589 0.0436733 0.00708
1900 0.359479 0.233121 0.0453933 0.00648
2000 0.351589 0.220372 0.0442933 0.00619333
2100 0.357969 0.211223 0.0461067 0.00607333
2200 0.360917 0.219714 0.04504 0.00648
2300 0.355302 0.259561 0.0451133 0.00706667
2400 0.357409 0.211988 0.0448 0.00618667
2500 0.356757 0.258732 0.04438 0.00705333
2600 0.360707 0.243886 0.04596 0.00712
2700 0.354415 0.255222 0.0446933 0.00706667
2800 0.35307 0.291154 0.0436333 0.00768667
2900 0.351157 0.20821 0.0435467 0.00605333
3000 0.353374 0.252557 0.0444733 0.00714
3100 0.361362 0.248289 0.0444333 0.00680667
3200 0.356609 0.227013 0.0437 0.00644
3300 0.356796 0.240664 0.0450333 0.00664
3400 0.353453 0.213797 0.0442 0.00586667
3500 0.347548 0.261475 0.0432667 0.0068
3600 0.354802 0.259003 0.0449933 0.00662
3700 0.348551 0.260859 0.0428 0.00712
3800 0.358351 0.273126 0.0450867 0.00738667
3900 0.348924 0.209384 0.0437667 0.00579333
4000 0.355516 0.221189 0.0446533 0.00643333
4100 0.348203 0.265131 0.0435333 0.007
4200 0.356388 0.24201 0.0439533 0.00668667
4300 0.355445 0.221704 0.0446533 0.00576667
4400 0.356878 0.240143 0.0450933 0.00672667
4500 0.35382 0.25329 0.04454 0.00716
4600 0.348674 0.255268 0.0434667 0.00683333
4700 0.360969 0.238661 0.0459133 0.00658
4800 0.361925 0.262997 0.0460933 0.00696
4900 0.351025 0.232373 0.04268 0.00660667
snrdb_list
[  8.   9.  10.  11.  12.  13.]
bers
[[ 0.03035133  0.01502617  0.00611958  0.00219392  0.0007135   0.00023883]]
times
[[ 0.0003158   0.00031403  0.00031215  0.00031221  0.00031172  0.00031163]]