0 0.168045 37.0661 0.0111733 0.457833
100 0.166501 5.57525 0.0108267 0.0492467
200 0.165186 2.40822 0.0103867 0.0120533
300 0.166418 1.40083 0.0109067 0.00670667
400 0.166392 0.861161 0.0112267 0.00460667
500 0.163286 0.552427 0.0102 0.00344667
600 0.164041 0.381052 0.0107067 0.00294
700 0.165485 0.288498 0.0106 0.00281333
800 0.16725 0.231187 0.0115 0.00265333
900 0.163779 0.215699 0.01054 0.00279333
1000 0.166947 0.197826 0.0107533 0.00295333
1100 0.168416 0.205006 0.0114067 0.00319333
1200 0.167328 0.210293 0.0109867 0.00318667
1300 0.164882 0.173316 0.01058 0.00278667
1400 0.166104 0.234578 0.0107667 0.00382
1500 0.168865 0.195579 0.01144 0.00339333
1600 0.165427 0.199198 0.0110933 0.00334667
1700 0.164346 0.248774 0.01082 0.00408
1800 0.165264 0.204817 0.0104333 0.00344
1900 0.16396 0.2682 0.0107067 0.00451333
2000 0.166065 0.242236 0.0109467 0.00396667
2100 0.164305 0.236259 0.01094 0.00388667
2200 0.167361 0.224287 0.0107267 0.00371333
2300 0.16523 0.209807 0.0105 0.00340667
2400 0.164832 0.216132 0.0108467 0.00337333
2500 0.166163 0.25889 0.0110933 0.00416667
2600 0.16493 0.196194 0.0106867 0.00315333
2700 0.165251 0.205354 0.01058 0.00324
2800 0.165569 0.22841 0.0109933 0.00369333
2900 0.167149 0.243484 0.0109 0.00392667
3000 0.165676 0.212663 0.01102 0.00353333
3100 0.163822 0.228086 0.0103333 0.0035
3200 0.165952 0.213064 0.0104667 0.00342
3300 0.166796 0.186748 0.01088 0.00312
3400 0.167536 0.214222 0.0114 0.00356
3500 0.165032 0.202008 0.0105267 0.00336
3600 0.166777 0.263442 0.0114133 0.00407333
3700 0.166341 0.202909 0.0107 0.00327333
3800 0.164596 0.216499 0.01078 0.00341333
3900 0.162322 0.18667 0.0101867 0.00307333
4000 0.168247 0.220288 0.0112467 0.00364
4100 0.167193 0.227949 0.01102 0.00370667
4200 0.165606 0.250681 0.0109133 0.00386
4300 0.166175 0.222807 0.01108 0.00371333
4400 0.164666 0.25318 0.0108533 0.00381333
4500 0.165008 0.280822 0.01104 0.00430667
4600 0.165224 0.202075 0.0103133 0.00339333
4700 0.165794 0.195432 0.0112467 0.00337333
4800 0.166115 0.204208 0.01056 0.00347333
4900 0.166242 0.193757 0.0110933 0.00324
snrdb_list
[  8.   9.  10.  11.  12.  13.]
bers
[[  1.83406667e-02   7.63683334e-03   2.66233333e-03   8.11000004e-04
    2.53666669e-04   8.58333331e-05]]
times
[[ 0.00018935  0.00018545  0.00018554  0.00018577  0.00018696  0.0001872 ]]
