0 4.75327 0.582373
100 1.44165 0.08942
200 0.824816 0.0486267
300 0.521623 0.0225067
400 0.343205 0.01266
500 0.210889 0.00722667
600 0.135572 0.00448
700 0.0935683 0.00337333
800 0.075464 0.00315333
900 0.0612887 0.0028
1000 0.0494329 0.00240667
1100 0.0500013 0.00261333
1200 0.0435706 0.00231333
1300 0.0442722 0.00244
1400 0.0424891 0.00236667
1500 0.0479229 0.00269333
1600 0.0394868 0.00221333
1700 0.0423562 0.00238667
1800 0.0456277 0.00255333
1900 0.0440917 0.00245333
2000 0.0437133 0.00246667
2100 0.0362956 0.00202667
2200 0.0384436 0.00215333
2300 0.0441825 0.00248
2400 0.0440278 0.00246667
2500 0.037612 0.00210667
2600 0.0442407 0.00248
2700 0.0407991 0.00228
2800 0.0400698 0.00224667
2900 0.0430492 0.00240667
3000 0.0410119 0.00230667
3100 0.0449888 0.00251333
3200 0.0389331 0.00218667
3300 0.0461267 0.00258
3400 0.0440963 0.00248
3500 0.0450337 0.00252667
3600 0.0479661 0.00269333
3700 0.0394568 0.00220667
3800 0.0448381 0.00251333
3900 0.0472513 0.00264667
4000 0.0442851 0.00248
4100 0.0430146 0.00240667
4200 0.0430405 0.00240667
4300 0.0379988 0.00212667
4400 0.0498225 0.00278667
4500 0.0472834 0.00265333
4600 0.047647 0.00266667
4700 0.0432817 0.00242
4800 0.0422895 0.00236667
4900 0.0466488 0.00260667
snr:
8.0
snr:
9.0
snr:
10.0
snr:
11.0
snr:
12.0
snr:
13.0
snrdb_list
[  8.   9.  10.  11.  12.  13.]
bers
[[  1.36320000e-02   5.54299998e-03   1.90450001e-03   5.35166670e-04
    1.13166666e-04   2.58333335e-05]]
times
[[  4.51952887e-05   4.25089490e-05   3.96553755e-05   4.18424296e-05
    4.17827797e-05   4.24688840e-05]]