0 4.5115 0.457095
100 1.37767 0.081955
200 0.795585 0.04214
300 0.480462 0.01921
400 0.300354 0.010775
500 0.18992 0.00587
600 0.13143 0.00445
700 0.0879186 0.003035
800 0.0651659 0.00257
900 0.0548115 0.0026
1000 0.0468181 0.002285
1100 0.0410031 0.002135
1200 0.0399083 0.002145
1300 0.0422394 0.002335
1400 0.0358079 0.002
1500 0.0349958 0.00194
1600 0.0381365 0.00212
1700 0.0414182 0.00231
1800 0.0389543 0.002205
1900 0.0353616 0.001965
2000 0.0406982 0.002275
2100 0.0405937 0.00227
2200 0.0377478 0.0021
2300 0.037957 0.002115
2400 0.0395241 0.002215
2500 0.0404489 0.00226
2600 0.042414 0.00239
2700 0.0434599 0.002435
2800 0.0416453 0.00233
2900 0.0446001 0.002495
3000 0.0413672 0.002305
3100 0.0418551 0.002345
3200 0.0407202 0.00228
3300 0.0377587 0.00211
3400 0.0442688 0.002475
3500 0.0394419 0.00221
3600 0.0395146 0.00221
3700 0.0441696 0.00247
3800 0.0435393 0.002445
3900 0.0395207 0.00221
4000 0.0437744 0.00245
4100 0.0434058 0.002425
4200 0.0403024 0.002255
4300 0.0406032 0.00227
4400 0.0400295 0.00225
4500 0.039949 0.002235
4600 0.0391621 0.002195
4700 0.0398758 0.00223
4800 0.040419 0.00226
4900 0.0375596 0.002105
snr:
8.0
snr:
9.0
snr:
10.0
snr:
11.0
snr:
12.0
snr:
13.0
snrdb_list
[  8.   9.  10.  11.  12.  13.]
bers
[[  1.27219000e-02   4.86295002e-03   1.56720000e-03   4.06150000e-04
    9.06000006e-05   1.65499997e-05]]
times
[[  7.43626432e-05   7.37434623e-05   7.36948891e-05   7.39868672e-05
    7.36766322e-05   7.37850296e-05]]
total coat time:  14491.611426115036